0.437
0.377
0.345
0.323
0.333
0.331
0.355
0.372
0.355
0.372
0.375
0.346
0.389
0.340
0.367
0.447
0.456
0.452
0.454
0.453
0.454
0.463
0.418
0.363
0.363
0.376
0.454
0.452
0.454
0.452
0.453
0.390
0.399
0.331
0.450
0.451
0.452
0.455
0.453
0.457
0.323
0.345
0.322
0.386
0.328
0.384
0.377
0.380
0.376
0.374
0.367
0.376
0.370
0.379
0.371
0.386
0.373
0.327
0.361
0.362
0.308
0.363
0.362
0.363
0.299
0.321
0.325
0.323
0.311
0.362
0.361
0.364
0.362
0.329
0.319
0.343
0.324
0.314
0.311
0.311
0.364
0.324
0.375
0.371
0.322
0.311
0.321
0.321
0.325
0.321
0.319
0.362
0.323
0.363
0.364
0.323
0.325
0.322
0.321
0.313
0.311
0.311
0.365
0.329
0.362
0.342
0.325
0.338
0.311
0.309
0.296
0.294
0.314
0.372
0.332
0.367
0.362
0.360
0.365
0.372
0.330
0.363
0.364
0.362
0.361
0.336
0.399
0.456
0.457
0.452
0.454
0.453
0.453
0.457
0.367
0.360
0.360
0.361
0.324
0.323
0.334
0.322
0.323
0.322
0.342
0.361
0.361
0.363
0.361
0.324
0.323
0.321
0.312
0.364
0.326
0.371
0.361
0.360
0.363
0.361
0.365
0.362
0.362
0.360
0.362
0.373
0.389
0.456
0.452
0.453
0.451
0.454
0.453
0.453
0.455
0.452
0.458
0.392
0.452
0.454
0.453
0.454
0.439
0.363
0.362
0.362
0.360
0.360
0.323
0.322
0.322
0.322
0.324
0.397
0.364
0.361
0.362
0.362
0.323
0.322
0.324
0.362
0.324
0.390
0.361
0.373
0.362
0.360
0.365
0.361
0.295
0.323
0.326
0.324
0.361
0.363
0.362
0.361
0.323
0.323
0.321
0.312
0.314
0.362
0.346
0.364
0.363
0.362
0.363
0.362
0.360
0.361
0.362
0.364
0.374
0.451
0.451
0.453
0.453
0.455
0.457
0.455
0.455
0.453
0.452
0.454
0.469
0.454
0.450
0.453
0.454
0.449
0.455
0.452
0.453
0.456
0.455
0.453
0.456
0.397
0.453
0.456
0.454
0.454
0.454
0.452
0.455
0.458
0.453
0.453
0.454
0.454
0.457
0.453
0.458
0.455
0.453
0.455
0.455
0.454
0.454
0.454
0.453
0.457
0.446
0.455
0.454
0.452
0.456
0.453
0.452
0.452
0.403
0.454
0.454
0.452
0.452
0.455
0.452
0.453
0.457
0.458
0.453
0.478
0.459
0.452
0.453
0.460
0.454
0.347
0.457
0.454
0.391
0.451
0.453
0.453
0.454
0.399
0.452
0.451
0.403
0.453
0.373
0.453
0.452
0.453
0.446
0.453
0.452
0.455
0.452
0.453
0.453
0.456
0.397
0.452
0.460
0.454
0.456
0.467
0.455
0.453
0.458
0.452
0.453
0.452
0.453
0.453
0.454
0.460
0.454
0.453
0.458
0.453
0.454
0.452
0.452
0.460
0.464
0.449
0.453
0.453
0.458
0.454
0.451
0.454
0.453
0.396
0.456
0.457
0.454
0.454
0.455
0.453
0.458
0.461
0.447
0.450
0.452
0.452
0.454
0.452
0.455
0.452
0.458
0.452
0.453
0.454
0.458
0.451
0.457
0.476
0.466
0.470
0.452
0.471
0.457
0.460
0.460
0.462
0.466
0.465
0.460
0.458
0.460
0.459
0.458
0.459
0.464
0.472
0.453
0.451
0.452
0.453
0.455
0.454
0.462
0.455
0.487
0.458
0.459
0.458
0.455
0.455
0.457
0.455
0.454
0.452
0.453
0.453
0.455
0.454
0.492
0.333
0.321
0.322
0.322
0.325
0.332
0.324
0.323
0.323
0.321
0.345
0.348
0.453
0.454
0.454
0.455
0.453
0.456
0.455
0.402
0.455
0.453
0.452
0.455
0.454
0.454
0.452
0.460
0.454
0.452
0.452
0.458
0.457
0.455
0.454
0.456
0.451
0.453
0.453
0.452
0.454
0.451
0.453
0.456
0.444
0.453
0.457
0.398
0.456
0.454
0.455
0.454
0.424
0.456
0.457
0.453
0.453
0.397
0.452
0.455
0.455
0.450
0.450
0.456
0.452
0.456
0.452
0.453
0.455
0.398
0.453
0.453
0.455
0.453
0.457
0.452
0.364
0.363
0.382
0.456
0.451
0.454
0.454
0.455
0.452
0.454
0.457
0.453
0.455
0.454
0.460
0.463
0.451
0.452
0.455
0.458
0.459
0.463
0.452
0.456
0.453
0.453
0.458
0.453
0.453
0.452
0.453
0.453
0.453
0.452
0.454
0.459
0.453
0.453
0.454
0.454
0.454
0.455
0.454
0.458
0.471
0.461
0.472
0.452
0.456
0.454
0.452
0.460
0.452
0.453
0.452
0.458
0.457
0.459
0.459
0.463
0.460
0.465
0.459
0.461
0.459
0.452
0.455
0.462
0.380
0.453
0.452
0.452
0.454
0.458
0.454
0.454
0.457
0.452
0.452
0.472
0.460
0.475
0.454
0.459
0.455
0.392
0.459
0.464
0.444
0.453
0.454
0.454
0.452
0.454
0.458
0.454
0.453
0.455
0.452
0.458
0.488
0.328
0.325
0.325
0.326
0.322
0.322
0.321
0.321
0.324
0.322
0.322
0.449
0.456
0.454
0.456
0.452
0.452
0.452
0.453
0.393
0.455
0.451
0.452
0.453
0.453
0.454
0.361
0.363
0.449
0.456
0.460
0.452
0.457
0.453
0.456
0.454
0.451
0.454
0.459
0.453
0.452
0.453
0.454
0.453
0.408
0.454
0.456
0.453
0.453
0.452
0.457
0.458
0.458
0.457
0.453
0.455
0.465
0.455
0.457
0.455
0.460
0.455
0.457
0.457
0.455
0.454
0.455
0.460
0.453
0.452
0.375
0.454
0.452
0.452
0.452
0.451
0.455
0.457
0.457
0.454
0.453
0.452
0.453
0.453
0.453
0.455
0.452
0.453
0.454
0.455
0.391
0.453
0.453
0.453
0.455
0.454
0.453
0.455
0.454
0.453
0.456
0.453
0.396
0.454
0.454
0.452
0.454
0.453
0.453
0.454
0.448
0.453
0.457
0.454
0.452
0.453
0.451
0.395
0.362
0.445
0.452
0.453
0.452
0.453
0.395
0.455
0.457
0.411
0.452
0.460
0.454
0.455
0.453
0.455
0.454
0.461
0.451
0.454
0.453
0.453
0.453
0.453
0.458
0.461
0.452
0.471
0.454
0.454
0.456
0.476
0.461
0.473
0.450
0.470
0.457
0.460
0.459
0.457
0.467
0.476
0.386
0.470
0.458
0.459
0.462
0.459
0.462
0.459
0.412
0.451
0.452
0.453
0.453
0.385
0.472
0.452
0.458
0.456
0.453
0.454
0.453
0.456
0.473
0.460
0.477
0.447
0.455
0.452
0.376
0.452
0.474
0.459
0.458
0.401
0.455
0.455
0.453
0.453
0.453
0.454
0.459
0.457
0.454
0.453
0.453
0.464
0.463
0.455
0.455
0.453
0.450
0.454
0.454
0.454
0.452
0.452
0.454
0.453
0.393
0.451
0.454
0.453
0.466
0.462
0.458
0.459
0.463
0.458
0.453
0.453
0.456
0.453
0.454
0.456
0.462
0.373
0.379
0.444
0.454
0.451
0.453
0.453
0.454
0.400
0.453
0.452
0.453
0.452
0.453
0.455
0.453
0.388
0.445
0.455
0.456
0.452
0.452
0.457
0.363
0.439
0.373
0.324
0.322
0.323
0.313
0.313
0.311
0.310
0.310
0.360
0.327
0.355
0.362
0.322
0.325
0.322
0.322
0.312
0.311
0.310
0.361
0.323
0.363
0.362
0.322
0.323
0.322
0.323
0.313
0.310
0.310
0.312
0.321
0.323
0.361
0.362
0.361
0.324
0.325
0.324
0.312
0.311
0.314
0.361
0.335
0.296
0.321
0.314
0.324
0.321
0.321
0.323
0.322
0.321
0.323
0.322
0.464
0.459
0.458
0.452
0.454
0.393
0.453
0.454
0.391
0.456
0.454
0.452
0.452
0.455
0.453
0.455
0.461
0.452
0.457
0.453
0.457
0.455
0.453
0.451
0.453
0.448
0.455
0.452
0.454
0.452
0.453
0.452
0.399
0.373
0.458
0.454
0.453
0.456
0.452
0.474
0.455
0.460
0.452
0.455
0.452
0.452
0.452
0.453
0.454
0.459
0.451
0.451
0.453
0.453
0.453
0.452
0.453
0.454
0.387
0.454
0.454
0.456
0.454
0.453
0.455
0.456
0.462
0.447
0.455
0.453
0.454
0.459
0.451
0.456
