0.441
0.380
0.376
0.341
0.362
0.363
0.462
0.473
0.480
0.485
0.395
0.482
0.480
0.482
0.379
0.374
0.380
0.371
0.373
0.374
0.363
0.360
0.467
0.480
0.483
0.480
0.475
0.372
0.482
0.482
0.376
0.388
0.370
0.361
0.380
0.328
0.330
0.365
0.472
0.481
0.479
0.408
0.478
0.391
0.370
0.362
0.511
0.478
0.380
0.369
0.479
0.479
0.480
0.480
0.477
0.479
0.481
0.495
0.485
0.480
0.462
0.524
0.477
0.483
0.360
0.362
0.363
0.360
0.468
0.366
0.479
0.481
0.479
0.397
0.488
0.478
0.481
0.493
0.479
0.483
0.480
0.494
0.479
0.482
0.479
0.492
0.482
0.482
0.481
0.497
0.484
0.479
0.479
0.500
0.478
0.482
0.479
0.485
0.483
0.482
0.479
0.485
0.470
0.480
0.481
0.350
0.492
0.478
0.458
0.493
0.479
0.479
0.483
0.486
0.479
0.482
0.489
0.489
0.483
0.485
0.487
0.493
0.490
0.486
0.460
0.374
0.483
0.485
0.480
0.486
0.478
0.478
0.480
0.483
0.483
0.486
0.480
0.398
0.496
0.483
0.487
0.460
0.473
0.485
0.484
0.450
0.487
0.487
0.374
0.467
0.488
0.485
0.361
0.357
0.366
0.372
0.362
0.331
0.361
0.361
0.361
0.326
0.359
0.361
0.361
0.376
0.487
0.479
0.482
0.362
0.519
0.470
0.478
0.372
0.486
0.482
0.478
0.364
0.486
0.483
0.482
0.469
0.363
0.361
0.363
0.363
0.365
0.361
0.362
0.448
0.489
0.481
0.496
0.484
0.481
0.480
0.480
0.388
0.484
0.482
0.480
0.388
0.489
0.479
0.497
0.379
0.340
0.360
0.361
0.449
0.480
0.478
0.479
0.483
0.480
0.481
0.481
0.488
0.483
0.484
0.480
0.485
0.402
0.343
0.381
0.449
0.480
0.481
0.482
0.485
0.478
0.482
0.481
0.463
0.486
0.476
0.488
0.445
0.481
0.397
0.442
0.448
0.481
0.482
0.480
0.448
0.481
0.481
0.482
0.448
0.486
0.478
0.479
0.445
0.481
0.480
0.480
0.488
0.480
0.452
0.482
0.454
0.481
0.487
0.479
0.451
0.486
0.490
0.483
0.456
0.488
0.481
0.482
0.452
0.480
0.481
0.485
0.484
0.485
0.483
0.473
0.486
0.483
0.478
0.493
0.459
0.479
0.486
0.465
0.479
0.372
0.362
0.365
0.458
0.481
0.479
0.478
0.459
0.485
0.482
0.494
0.458
0.480
0.479
0.478
0.461
0.483
0.479
0.481
0.459
0.483
0.478
0.361
0.463
0.364
0.360
0.363
0.450
0.481
0.479
0.486
0.461
0.480
0.481
0.480
0.461
0.479
0.478
0.480
0.458
0.484
0.478
0.480
0.462
0.485
0.394
0.485
0.463
0.480
0.483
0.479
0.462
0.479
0.455
0.481
0.461
0.485
0.483
0.480
0.468
0.489
0.486
0.486
0.462
0.487
0.485
0.486
0.464
0.486
0.480
0.499
0.482
0.484
0.478
0.480
0.487
0.483
0.485
0.486
0.489
0.381
0.497
0.477
0.465
0.490
0.483
0.487
0.472
0.456
0.488
0.486
0.463
0.488
0.448
0.484
0.476
0.486
0.479
0.489
0.479
0.488
0.487
0.492
0.473
0.397
0.489
0.485
0.473
0.487
0.486
0.486
0.483
0.485
0.485
0.487
0.460
0.486
0.485
0.485
0.478
0.499
0.484
0.497
0.480
0.488
0.486
0.486
0.481
0.485
0.486
0.485
0.484
0.486
0.485
0.474
0.481
0.491
0.490
0.487
0.483
0.486
0.485
0.486
0.489
0.486
0.487
0.486
0.485
0.485
0.486
0.481
0.486
0.491
0.486
0.486
0.481
0.490
0.460
0.483
0.481
0.476
0.486
0.513
0.369
0.361
0.361
0.321
0.483
0.485
0.479
0.520
0.476
0.480
0.359
0.333
0.479
0.482
0.388
0.400
0.369
0.364
0.361
0.360
0.481
0.484
0.363
0.387
0.364
0.470
0.362
0.339
0.380
0.322
0.372
0.367
0.489
0.479
0.480
0.343
0.486
0.483
0.479
0.376
0.484
0.480
0.480
0.487
0.387
0.387
0.361
0.409
0.362
0.370
0.320
0.352
0.323
0.324
0.323
0.346
0.314
0.308
0.323
0.434
0.506
0.397
0.399
0.423
0.315
0.325
0.320
0.330
0.321
0.327
0.322
0.325
0.321
0.321
0.308
0.294
0.321
0.321
0.321
0.296
0.322
0.307
0.309
0.320
0.484
0.416
0.401
0.360
0.510
0.501
0.499
0.364
0.512
0.435
0.502
0.346
0.511
0.399
0.398
0.283
0.310
0.527
0.385
0.319
0.502
0.494
0.493
0.297
0.329
0.484
0.495
0.292
0.376
0.376
0.379
0.369
0.385
0.489
0.375
0.350
0.492
0.494
0.473
0.466
0.478
0.473
0.487
0.451
0.410
0.319
0.339
0.294
0.299
0.336
0.333
0.330
0.330
0.329
0.334
0.331
0.329
0.328
0.330
0.332
0.329
0.337
0.335
0.331
0.341
0.333
0.333
0.334
0.331
0.333
0.334
0.336
0.342
0.335
0.334
0.332
0.336
0.331
0.328
0.329
0.328
0.329
0.328
0.323
0.324
0.327
0.324
0.325
0.323
0.324
0.321
0.322
0.320
0.321
0.320
0.323
0.320
0.321
0.320
0.325
0.320
0.324
0.507
0.479
0.398
0.403
0.398
0.477
0.398
0.401
0.398
0.397
0.390
0.476
0.475
0.506
0.499
0.484
0.500
0.477
0.501
0.508
0.333
0.472
0.504
0.502
0.499
0.474
0.505
0.504
0.500
0.476
0.487
0.494
0.498
0.461
0.496
0.495
0.498
0.469
0.495
0.499
0.487
0.463
0.490
0.491
0.487
0.451
0.481
0.483
0.482
0.456
0.488
0.364
0.360
0.373
0.362
0.362
0.359
0.364
0.477
0.473
0.468
0.475
0.474
0.472
0.476
0.474
0.475
0.471
0.473
0.475
0.472
0.476
0.479
0.451
0.478
0.477
0.477
0.481
0.475
0.476
0.475
0.487
0.482
0.481
0.479
0.484
0.484
0.487
0.482
0.485
0.481
0.483
0.480
0.485
0.479
0.478
0.480
0.425
0.344
0.481
0.481
0.331
0.487
0.361
0.359
0.319
0.297
0.363
0.482
0.365
0.485
0.479
0.479
0.389
0.485
0.479
0.480
0.484
0.478
0.483
0.478
0.485
0.478
0.483
0.478
0.488
0.482
0.479
0.457
0.388
0.485
0.381
0.487
0.389
0.484
0.478
0.480
0.464
0.480
0.483
0.481
0.383
0.485
0.481
0.481
0.392
0.485
0.479
0.480
0.387
0.488
0.483
0.480
0.488
0.478
0.485
0.479
0.400
0.485
0.480
0.391
0.441
0.485
0.480
0.479
0.460
0.344
0.486
0.389
0.447
0.482
0.486
0.478
0.440
0.482
0.479
0.482
0.459
0.503
0.497
0.483
0.450
0.483
0.480
0.480
0.510
0.499
0.505
0.482
0.490
0.485
0.492
0.485
0.491
0.479
0.488
0.485
0.489
0.485
0.479
0.486
0.465
0.488
0.491
0.478
0.489
0.481
0.485
0.395
0.459
0.486
0.481
0.480
0.454
0.480
0.481
0.485
0.456
0.487
0.484
0.482
0.455
0.485
0.482
0.487
0.493
0.485
0.486
0.489
0.490
0.486
0.478
0.486
0.469
0.465
0.492
0.479
0.452
0.388
0.362
0.360
0.457
0.464
0.481
0.479
0.454
0.481
0.448
0.481
0.458
0.482
0.485
0.479
0.454
0.480
0.481
0.482
0.458
0.480
0.481
0.479
0.456
0.446
0.481
0.481
0.454
0.486
0.491
0.488
0.459
0.481
0.478
0.480
0.458
0.483
0.481
0.480
0.363
0.362
0.363
0.323
0.361
0.363
0.364
0.361
0.463
0.360
0.360
0.361
0.462
0.363
0.360
0.360
0.445
0.486
0.362
0.363
0.335
0.486
0.484
0.479
0.468
0.484
0.482
0.479
0.462
0.481
0.479
0.481
0.469
0.479
0.479
0.482
0.484
0.480
0.483
0.479
0.484
0.479
0.343
0.483
0.471
0.479
0.482
0.480
0.475
0.482
0.478
0.485
0.468
0.480
0.485
0.480
0.465
0.483
0.423
0.482
0.463
0.479
0.480
0.479
0.468
0.481
0.478
0.485
0.474
0.480
0.485
0.477
0.478
0.490
0.480
0.480
0.492
0.478
0.479
0.486
0.484
0.485
0.478
0.489
