0.455
0.369
0.574
0.566
0.502
0.500
0.462
0.499
0.496
0.580
0.559
0.559
0.560
0.522
0.581
0.582
0.514
0.565
0.536
0.493
0.561
0.505
0.497
0.512
0.493
0.356
0.494
0.496
0.517
0.501
0.520
0.562
0.505
0.511
0.524
0.496
0.384
0.491
0.407
0.369
0.507
0.572
0.501
0.564
0.509
0.465
0.500
0.497
0.569
0.506
0.505
0.512
0.562
0.503
0.501
0.514
0.496
0.492
0.495
0.496
0.500
0.498
0.562
0.570
0.568
0.508
0.573
0.569
0.575
0.522
0.539
0.500
0.499
0.560
0.510
0.502
0.499
0.505
0.502
0.498
0.502
0.563
0.503
0.497
0.502
0.555
0.407
0.521
0.394
0.508
0.506
0.495
0.508
0.472
0.502
0.497
0.508
0.469
0.501
0.504
0.412
0.386
0.498
0.500
0.570
0.511
0.521
0.499
0.577
0.501
0.496
0.461
0.548
0.564
0.506
0.501
0.551
0.509
0.402
0.505
0.507
0.493
0.535
0.496
0.502
0.562
0.503
0.363
0.554
0.502
0.507
0.501
0.500
0.498
0.505
0.560
0.494
0.561
0.569
0.579
0.504
0.503
0.509
0.517
0.560
0.507
0.506
0.496
0.555
0.494
0.402
0.503
0.495
0.488
0.520
0.499
0.405
0.384
0.556
0.497
0.499
0.495
0.406
0.399
0.503
0.497
0.507
0.497
0.493
0.496
0.501
0.497
0.499
0.494
0.520
0.496
0.501
0.512
0.494
0.497
0.505
0.548
0.402
0.329
0.509
0.488
0.494
0.411
0.405
0.365
0.504
0.498
0.559
0.563
0.523
0.505
0.570
0.498
0.563
0.564
0.509
0.520
0.496
0.496
0.497
0.503
0.531
0.566
0.503
0.501
0.504
0.496
0.502
0.566
0.392
0.515
0.492
0.444
0.523
0.420
0.461
0.495
0.500
0.498
0.411
0.396
0.384
0.494
0.564
0.428
0.505
0.484
0.498
0.496
0.507
0.559
0.554
0.568
0.502
0.514
0.501
0.562
0.502
0.493
0.498
0.500
0.404
0.505
0.494
0.495
0.395
0.495
0.507
0.456
0.495
0.481
0.493
0.567
0.500
0.502
0.495
0.400
0.501
0.561
0.502
0.499
0.499
0.506
0.501
0.490
0.507
0.503
0.498
0.505
0.506
0.572
0.512
0.514
0.519
0.498
0.482
0.387
0.496
0.471
0.495
0.496
0.481
0.398
0.370
0.563
0.501
0.575
0.496
0.497
0.559
0.494
0.500
0.359
0.318
0.379
0.415
0.510
0.498
0.457
0.497
0.486
0.501
0.502
0.496
0.497
0.398
0.385
0.362
0.545
0.552
0.553
0.497
0.562
0.498
0.562
0.569
0.544
0.503
0.501
0.462
0.489
0.495
0.575
0.570
0.501
0.569
0.567
0.566
0.502
0.500
0.494
0.498
0.496
0.499
0.569
0.499
0.494
0.494
0.348
0.387
0.499
0.497
0.563
0.482
0.413
0.386
0.494
0.482
0.499
0.501
0.509
0.461
0.497
0.497
0.504
0.507
0.512
0.491
0.454
0.506
0.495
0.564
0.493
0.507
0.582
0.572
0.560
0.498
0.497
0.307
0.409
0.388
0.500
0.560
0.498
0.494
0.501
0.493
0.496
0.493
0.494
0.503
0.497
0.583
0.569
0.561
0.499
0.504
0.500
0.497
0.497
0.496
0.562
0.501
0.487
0.563
0.503
0.509
0.560
0.580
0.452
0.518
0.500
0.484
0.494
0.496
0.470
0.400
0.373
0.500
0.563
0.494
0.501
0.511
0.559
0.473
0.465
0.498
0.503
0.505
0.504
0.503
0.505
0.496
0.503
0.525
0.512
0.510
0.552
0.509
0.457
0.500
0.402
0.510
0.501
0.483
0.498
0.488
0.397
0.503
0.496
0.561
0.501
0.493
0.457
0.500
0.498
0.563
0.463
0.497
0.462
0.499
0.553
0.496
0.568
0.494
0.500
0.500
0.551
0.572
0.554
0.493
0.505
0.493
0.400
0.502
0.495
0.544
0.480
0.401
0.380
0.458
0.544
0.494
0.506
0.510
0.503
0.505
0.497
0.457
0.406
0.365
0.500
0.499
0.499
0.498
0.555
0.571
0.507
0.488
0.505
0.505
0.401
0.408
0.498
0.496
0.397
0.513
0.509
0.482
0.369
0.478
0.505
0.469
0.498
0.500
0.499
0.515
0.551
0.501
0.551
0.500
0.497
0.493
0.497
0.492
0.496
0.563
0.497
0.411
0.545
0.560
0.507
0.531
0.550
0.463
0.496
0.499
0.403
0.573
0.493
0.478
0.374
0.367
0.545
0.517
0.563
0.490
0.498
0.558
0.559
0.495
0.500
0.499
0.482
0.493
0.493
0.500
0.494
0.489
0.396
0.496
0.484
0.494
0.479
0.497
0.486
0.503
0.486
0.502
0.329
0.494
0.352
0.488
0.492
0.496
0.495
0.493
0.494
0.492
0.565
0.491
0.494
0.500
0.561
0.501
0.561
0.562
0.497
0.561
0.563
0.502
0.499
0.502
0.567
0.504
0.500
0.501
0.558
0.503
0.569
0.571
0.374
0.417
0.388
0.496
0.494
0.494
0.469
0.505
0.567
0.495
0.491
0.501
0.489
0.574
0.500
0.553
0.505
0.504
0.493
0.574
0.504
0.493
0.495
0.572
0.499
0.500
0.507
0.567
0.492
0.414
0.503
0.503
0.522
0.500
0.488
0.483
0.495
0.494
0.559
0.475
0.383
0.450
0.563
0.495
0.492
0.500
0.498
0.428
0.491
0.469
0.495
0.497
0.489
0.546
0.508
0.503
0.500
0.506
0.569
0.500
0.560
0.556
0.566
0.391
0.332
0.512
0.488
0.484
0.492
0.402
0.497
0.569
0.563
0.495
0.493
0.496
0.495
0.465
0.560
0.495
0.561
0.546
0.565
0.411
0.503
0.497
0.458
0.486
0.490
0.496
0.493
0.569
0.502
0.510
0.507
0.362
0.491
0.560
0.468
0.493
0.392
0.382
0.490
0.563
0.492
0.491
0.501
0.504
0.568
0.506
0.499
0.563
0.568
0.561
0.478
0.494
0.568
0.568
0.499
0.568
0.566
0.456
0.491
0.499
0.500
0.414
0.371
0.392
0.366
0.472
0.494
0.560
0.402
0.569
0.546
0.495
0.497
0.494
0.495
0.493
0.504
0.505
0.508
0.489
0.506
0.492
0.499
0.491
0.494
0.487
0.384
0.493
0.501
0.497
0.544
0.559
0.496
0.501
0.397
0.582
0.506
0.487
0.482
0.400
0.461
0.491
0.494
0.489
0.494
0.565
0.555
0.568
0.503
0.564
0.551
0.561
0.540
0.564
0.511
0.504
0.493
0.501
0.492
0.567
0.499
0.499
0.491
0.494
0.365
0.398
0.401
0.385
0.371
0.479
0.358
0.550
0.552
0.560
0.503
0.490
0.493
0.489
0.549
0.488
0.538
0.578
0.490
0.454
0.476
0.505
0.499
0.493
0.545
0.569
0.546
0.484
0.497
0.491
0.482
0.479
0.498
0.500
0.399
0.506
0.507
0.349
0.488
0.491
0.497
0.540
0.496
0.496
0.541
0.493
0.496
0.564
0.546
0.506
0.500
0.492
0.497
0.493
0.495
0.490
0.543
0.569
0.553
0.570
0.504
0.568
0.400
0.411
0.371
0.569
0.417
0.390
0.374
0.482
0.517
0.478
0.503
0.489
0.491
0.414
0.542
0.495
0.492
0.496
0.541
0.570
0.496
0.497
0.499
0.569
0.501
0.495
0.496
0.562
0.501
0.489
0.488
0.487
0.494
0.497
0.500
0.504
0.399
0.501
0.454
0.482
0.524
0.469
0.495
0.491
0.392
0.490
0.489
0.495
0.494
0.487
0.492
0.430
0.547
0.479
0.514
0.565
0.500
0.561
0.501
0.567
0.506
0.488
0.493
0.399
0.495
0.564
0.543
0.496
0.409
0.386
0.358
0.402
0.488
0.559
0.493
0.415
0.494
0.559
0.499
0.489
0.541
0.468
0.501
0.494
0.503
0.492
0.500
0.493
0.426
0.493
0.492
0.500
0.496
0.478
0.407
0.489
0.547
0.487
0.496
0.577
0.391
0.497
0.486
0.437
0.495
0.490
0.404
0.380
0.462
0.487
0.537
0.488
0.495
0.566
0.498
0.570
0.555
0.499
0.553
0.563
0.540
0.497
0.499
0.498
0.498
0.402
0.385
0.388
0.494
0.492
0.498
0.473
0.412
0.386
0.379
0.548
0.499
0.558
0.393
0.487
0.493
0.489
0.491
0.495
0.500
0.570
0.545
0.507
0.552
0.401
0.502
0.562
0.392
